МСГ
7795
0
2.2671501283352e-08
-1.0011123784474e-07
1.9523860781514e-07
-1.1140769777971e-07
-9.2142669375169e-08
5.1393245228942e-07
4.412512232645e-07
1.6371758809576e-07
2.7519239552552e-07
1.3046494898685e-07
1.2554461617755e-07
1.4740551976239e-07
-3.2728489641662e-07
-5.0115225190441e-07
3.3859464002563e-08
5.4097319771855e-08
3.7063452713879e-08
3.4932898833645e-07
4.7636622158365e-07
4.2179925464614e-07
5.1092076779442e-07
4.5066203558172e-07
5.9171256601151e-08
-9.0135509223222e-08
-4.8997101018653e-07
-7.7047999442153e-07
-1.1867979845712e-07
3.2380819722333e-07
-2.2174006692744e-07
-3.0014177869514e-07
3.5257213556214e-07
6.8194632752665e-07
7.6929558870647e-07
1.9075010790457e-07
-5.5371573918381e-07
-1.0196436147568e-07
7.5992257174143e-07
8.0718267754572e-08
-4.5492868595344e-07
-2.0704238845621e-07
1.3697292433542e-07
4.0517085242599e-07
1.5045087930626e-07
-5.067190944375e-07
-122.81808900996
-10.632943911644
66.103145081043
-12.349364684177
31.586860945085
177.32335695789
108.1072833403
35.348404663651
143.34197980072
31.890103401631
-0.8913394947788
-0.61143423541132
-73.650426920648
-102.21929855284
-11.840006555695
2.0013359016596
-8.0053503790972
129.27330616041
168.57987097467
44.753119655134
99.345104178964
74.177273365901
-4.9906530418344
-29.423623485285
-78.848368275808
-118.60238055914
-33.17595255777
27.422543285981
-94.603199336377
-45.159832046862
69.27346881963
103.09888979049
110.76536534876
31.719074186125
-58.70475396115
81.334827027448
655.94590778026
-51.494829895077
-123.39266592153
-91.403258942885
-16.72452141231
81.836419327924
57.403501651765
-155.94575070865
-197.75701532585
274.14911783367
117.50940662108
2.1465452326558
96.354015920226
328.44838395632
162.42582242122
53.684525554316
168.91220862819
54.313322065142
-4.8167747561402
-12.835172561483
-137.80432871978
-168.50820201982
2.2770513683117
8.6506333476275
-7.5748174303236
141.5571984662
201.04687751606
209.47782829582
149.90648535515
114.92998376951
-19.46890088042
-40.936090608267
-127.98456847505
-186.09163643555
-45.863097993341
-17.762553510612
-268.50653596365
1.9230001843591
115.41108611691
167.58178503965
189.38223840083
49.933680618607
-109.74805682148
100.46442207486
349.59682614035
-186.50848173844
-186.43900891501
-156.15467999491
-28.323331590326
147.78009305671
115.69430310237
-177.91867942295
-119.4308768258
389.6995934126
250.28929816348
52.047322742316
167.24864808469
412.93739041274
153.09079740741
36.757614726007
150.82968148167
67.600143942194
117.46331958358
-47.300312621949
-167.3984600839
-178.05436339162
45.838191542184
19.034761117207
-15.438909266815
115.47637199638
140.6624542273
242.26079270755
410.03380222938
62.853383269666
-27.88927366624
-23.057926965522
-131.0091427501
-203.45015807957
-59.321662182164
-63.285081133201
-165.71389513158
42.218783820889
113.21871496675
169.09750013003
218.4176578132
61.288491252052
-140.88660537663
38.786014426109
189.39565774318
-89.582109508001
-449.65615552372
-121.30935159906
-46.060248773559
180.44564844674
173.89618568089
-130.16203650913
-73.678598901108
314.10470476162
329.8320317319
133.53378743374
197.8821837996
412.7197030571
94.233407076824
1.1257746202184
94.611980742241
50.224547998097
163.2947257466
7.1372525899915
-324.11273224338
-88.451060830567
92.060553486558
27.594857670128
-24.858913391015
61.487740560251
69.503426865117
211.58546955289
273.9300184867
30.842793355097
-16.422447197735
22.374381055841
-91.66769693236
-177.47185485748
-59.361509237384
-61.613562285973
-78.802345792037
51.318236429156
106.66781885103
84.446803027612
201.73875037555
63.923633535331
-162.54688629836
-42.469345792483
73.959597739091
-56.636508383835
-59.806067030825
-38.57934204946
-81.466173253746
176.57958042909
221.49992865224
-67.157387645116
-74.544345433065
139.42765483402
141.61125023769
264.53746521156
428.53233556501
299.55008015808
30.141733276789
-32.079718773167
13.939094070137
2.7443665460374
179.85372324351
28.251309684649
-141.09705194028
34.610187145432
98.595397321971
36.48070070532
-28.533441454261
-2.3201760597299
-19.797757495729
129.03878900927
140.95984705979
-36.826475391264
38.403835436941
69.69741523718
-24.356490610708
-114.81196629495
-33.541804548537
-37.032830145081
6.9465745912955
76.605453112376
-76.856704588573
-73.091527487591
157.22832062476
43.647236840015
-178.46528489978
-112.57844323195
-25.194674278404
12.520801208381
128.48737955908
69.493808884083
-328.88484396497
197.36684865036
243.66854909886
-17.547421036803
-96.419296913245
-57.946662207808
-35.002246321158
191.79359614098
421.9197920778
141.64946381694
-6.9656449097394
-45.649288940112
-73.028396067202
-62.10208103232
173.44947293251
76.54632707777
4.4538136121283
396.64300222308
199.88055693495
22.648552402974
-18.773217624387
-63.782331719853
-119.40553528316
23.017197982762
9.0197106154838
-123.34139216574
101.45505924006
278.93552839791
15.487974825808
-18.480039546463
9.6819268289536
-12.076190114419
64.261629177477
75.616323227121
-136.45166114631
-189.98592524736
113.34889664805
-30.833756005704
-177.42914592984
-150.33307255265
-94.913391686785
48.888921172269
231.32935390771
124.74639027086
-38.762354485641
438.25548568778
185.16696199683
16.538533877376
-111.75183424291
-201.2932790864
-173.49665581816
96.386953151591
181.97418933604
-40.82280245178
41.610913845718
-31.548037005954
-146.05309001015
-126.69884824489
153.9894977552
133.45711249088
168.11789287039
402.44572288881
133.6610233071
27.475517940123
0.879843074315
-112.00702306177
-208.04398656471
-78.579433785234
-79.28401332343
-114.61951663686
118.4917254332
222.95974698379
154.67200760318
63.130339787719
52.49595438248
-7.6888094063617
72.098223018441
56.14849403814
-141.60934821519
-155.0206602336
-83.102434237564
-200.13830967889
-119.35920683474
-152.98762147531
-133.21083598915
42.500049783227
237.21669975246
159.43196793601
90.668961805223
229.86619143757
216.99786273854
16.3395369074
-99.652399734707
-255.74428411207
-244.22862330989
-9.0759036439791
41.738182970625
-69.748920788291
0.80450805224606
-97.524126303328
-160.60902271761
-180.38717973793
118.75087665777
176.67960743374
260.61283647199
302.90618503439
63.072753539468
110.19130986961
37.783674609683
-135.6339045695
-260.30771813689
-143.90445111496
-103.08020062927
-49.291199449898
96.100752827289
103.98697888338
208.67876665252
306.13730415498
31.584924587225
-24.154312827798
35.323548329168
28.43902646015
-85.745724572425
-108.45754397326
-136.60789467416
-186.74771434154
-147.2565144533
-109.78530044767
-150.07915188365
-2.9902518918684
167.89786499348
151.25018647437
129.43978300177
157.33423936879
60.489314451933
-12.64310523235
-45.623738409085
-219.70307817189
-240.43905173796
-81.904055835092
-37.611418756122
-51.290201332226
10.01448517519
-156.7461449299
-361.07088865343
-186.16645386578
46.48267055322
169.7771305148
258.47741834124
122.87956338783
-41.77504738436
179.69936004052
11.368648169418
-297.54469240857
-200.85923051235
-164.33110659152
-70.372636721066
38.887585324223
53.678348001788
-9.5955739491339
181.42570873012
252.92369423945
-5.0627167456303
-52.218772430455
-26.05438559363
2.7816316051276
-4.3206394404457
-38.718088413641
-146.69035588585
-138.26818023537
-51.143603319929
-146.34175988188
-139.30682654879
-70.782495729816
56.228016771281
99.657281361297
124.40565218819
87.72710141561
-0.61448290727253
11.816762395011
88.238046651246
-126.82297128643
-167.69173953776
-104.44095278993
-79.753451748552
-41.981607411558
-16.337552373626
-151.71599321824
-358.36188407532
-335.6361939228
-53.232852715706
87.928512308742
169.88176983752
-83.028179567591
-139.85004215428
202.99211383073
-5.2484681716554
-422.74908822517
-236.45349594028
-103.92890402022
-13.894711295723
117.08525298625
5.6942368026831
-108.87228985099
132.67504228741
190.20269038481
-92.192196422574
-200.40413779891
-64.045540633562
-23.278982410737
73.461518872439
35.44891421216
-114.35060542867
-77.965513550947
4.1654942388058
-117.26774883024
-256.32447056033
-100.31350766107
-68.246708031603
19.043710617311
79.995332455861
37.225039743603
0.47081769618715
27.644408369826
38.479293873501
-4.2036068283254
-38.665592170743
-69.164738842695
-91.197457419896
-60.770792173844
-66.882423014939
-148.01273792376
-247.98471490179
-371.73019601241
-326.58466360873
-50.721045461782
31.190649880556
-252.91858440116
-205.55444900758
181.27301846103
-41.95558820855
-313.2880504989
-51.903269644716
-59.748520033298
46.000135777698
160.02811164267
-36.227702325486
-173.19506097473
60.539269402829
73.474708666781
-150.46176595683
-175.30604860954
-214.17891020712
-28.584188590756
118.39537987096
93.00593234139
-52.22210418017
-11.701332010648
7.5847355999719
-110.37246287194
-186.62225686961
-246.93897358073
-139.27377905666
-72.099198800705
10.155029408648
5.5735143297645
43.868448538542
50.298946843117
-4.3030109533923
41.340243492977
283.15231698507
-13.897570860114
-64.201135005807
-98.701787701707
-130.92507057439
-122.30821366443
-163.60070296213
-327.27465017474
-481.85382296677
-234.6225815427
-105.21567448185
-340.2120218044
-228.83249364598
120.04367634867
-58.341117022427
-125.92747033624
19.780686396217
-154.03968272636
146.33870678679
138.9409516399
-56.622959088882
-194.76073397631
-22.815385389608
-53.176264651673
-133.40500065635
-98.429249486539
-213.29192994128
-104.7387922624
119.95244514856
116.17381283505
14.633332715748
40.401920764948
-36.42833777526
-135.01006892935
-122.7206917189
-217.75857265253
-344.69378695164
-94.402096852013
-72.547528928818
-7.9215226538069
108.16415423532
70.576176086984
-38.265059559301
23.879867266046
152.29944937326
198.99224816694
-14.976429632163
-134.34028678113
-190.02912023556
-82.727099214179
-78.74575083909
-265.72733422634
-391.86536660887
-417.60046879381
-347.59680304379
-299.89758104484
-218.85675404497
41.813388195298
-46.932822582242
75.714694998438
71.935426368545
-222.61190777862
12.011648890166
186.56925797085
-70.658541101509
-175.29252181265
-92.608200778417
-150.04496480471
-68.939624416113
6.5774789476479
-182.84302842392
-107.55811383005
165.2312789922
69.262125569668
62.83284089134
63.873849082805
-102.25653729485
-160.92755740855
-85.09821224501
-179.93736436117
-245.13951308555
-206.00050261264
-109.42457580173
-10.206852133425
166.96365415252
77.298926102641
-59.232747527821
-15.948218210309
43.032724209063
97.502406654513
210.46994888146
-180.35178028381
-224.08745952875
-35.163570321235
-8.9888172598302
-172.11074709629
-283.25650478038
-338.78418914839
-428.63339458949
-302.56651276853
-165.30967499721
-35.484080469289
-14.69535761654
234.87046559862
75.98581681376
-311.27728480887
-35.443090250864
-21.303078818007
-154.69232033266
-102.91530733519
-128.89478348992
-189.1593205699
21.287432813439
103.25546294029
-133.70116926301
-57.486452780495
25.265866677717
-34.206431002139
76.032060422462
56.40394188316
-157.77413955592
-167.187599595
-63.42127377906
-150.17512773098
-149.91863294485
-124.43313304567
-273.46682058644
37.812205715862
185.31591401974
65.83580743861
-58.617835535639
-40.938202068877
-56.937415922036
-1.6577725142235
49.472033567642
-410.46888190586
-165.273266197
-1.7364946790183
26.730269996528
-80.111662375973
-148.37582649144
-252.98373203413
-247.9175728093
-173.99854573977
-277.35337313855
-69.732111676985
21.716745312415
308.50241070208
25.993282777366
-369.84337057069
-96.346319971508
-111.6942281466
-283.68870112872
-26.994960895202
-113.56477988363
-164.94300100236
106.61594825731
161.2804641732
-84.046216438088
-17.468422411578
-9.8771899116952
-147.06704206695
111.31805624097
18.546444280846
-170.84075590175
-144.50732983483
-51.977541578399
-133.12879525599
-70.987495504208
-60.198492203421
-185.90813065296
72.244834605539
135.97076095863
45.27008704395
-31.328495175279
-39.673085285079
-134.00547979798
-75.479490670918
-41.54873076444
-196.23765250813
-135.95031413881
18.228288677289
10.610503473346
-10.716372519545
-16.637448601023
-162.39581123033
-176.11057040337
-100.1152685949
-219.06142692489
-117.56510492642
54.521469148242
285.08465211018
-54.205127322207
-379.4226168076
-127.94855357664
-198.10347364783
-249.348629335
183.72983560598
-78.221075431013
-86.912554791598
154.86738744603
168.44631934226
-46.082723149438
20.470008877777
-59.223563343162
-203.63758116832
14.587978918459
22.951392346075
-140.99547111026
-102.05279469947
-49.329694051713
-124.59921876114
-3.9819515734955
14.397288372489
-115.68337912362
8.8197964351851
154.11640218711
12.06239660235
24.439173330556
-14.801585202357
-187.4216712285
-126.4089091975
-42.826802329709
-130.8904757051
-45.217819667773
35.313883868498
-81.721207190918
23.874764652744
99.388199701465
-96.572707629514
-153.18099617558
-87.769349180608
-140.73805527466
11.160729336505
202.24225716728
169.86863821747
-128.25258789168
-333.6872002325
-128.14211119732
-230.53736096049
-181.4967226272
209.39336832827
117.47265398636
-15.258022081557
142.36326846832
136.43442580805
-21.017542602577
45.047333100009
-86.255662063765
-224.42730914246
-15.296477359229
21.606326712968
-143.07810441308
-43.973603390154
-53.22951986454
-113.40061778749
46.162111776772
66.32492090013
-71.262273404836
5.1065362888041
37.95181366548
-6.3174872744198
94.807128720944
12.095948027435
-213.52292749581
-139.89786603298
-23.773528303626
-58.069875708947
-9.6324635671235
-95.906420248841
-601.64445222189
113.48721951121
176.9558656521
-55.968271151899
-140.80030637362
-80.011191856553
-60.47056064113
132.06420905492
229.4690928562
-147.44368575499
-149.03287750156
-247.19461894799
-97.601426666585
-196.86133179166
-102.50797151247
202.94135543031
108.34435097354
40.305462736596
186.95517033865
74.601482848942
-5.3550832658763
51.793104204646
-83.672766013339
-187.58876641286
-19.212335191277
8.5727569807627
-20.215388918362
21.011850626269
-52.113274137244
-84.739446134146
70.53899681872
81.368899132396
-36.106842604394
-7.8199060221648
-8.2573541807546
15.182151987445
256.01045069631
-31.825473421756
-191.93848944073
-115.33415020236
-1.257804585028
-5.5779948186046
7.3120366371741
-126.07960734798
-257.57506946727
367.11574851427
165.65737665015
-21.271976087646
-112.05767477204
-58.609293839514
-2.918615065188
147.44502045255
76.474653414612
-304.67765865071
-167.33916182165
-128.31234271287
-45.275192378764
-105.09833130539
-25.960216922151
133.63076677512
70.746014370791
38.604733981615
37.225080001961
36.154036275472
6.4319266329773
42.600241766529
-46.908033656481
-99.234493942603
-4.1836157856165
16.317249788897
16.012944509088
35.462451001545
-77.867551146195
-34.352966393634
60.056145749408
61.280575753089
-7.6865929355206
-2.4056304693693
-7.032869949501
34.155097811849
126.88366488673
-49.373108344751
-108.2422600059
-59.707159095702
14.033819946317
17.259920362159
12.671621578856
-72.522831911777
-89.157316570339
126.40076100082
265.76001391743
-12.617875767293
-53.852263208686
-22.264667406281
20.758213718468
95.810676936093
14.971217602073
-186.95701457705
-124.12332273247
19.99999996537
19.99999979316
19.999999524244
19.999999803074
20.000000362099
20.00000020403
20.000000116556
20.000000100226
19.999999866699
19.999999975223
20.000000034692
19.999999498785
19.999999338204
19.999999976402
20.00000009551
20.00000017174
20.000000196576
19.999999784499
19.999999883206
20.000000172081
20.000000143642
19.999999787566
19.99999984485
19.999999799267
20.000000136134
20.000000723741
20.000000066681
19.999999607438
19.999999521297
19.99999994884
20.000000031587
19.999999995442
19.999999417224
19.99999933424
20.000000691993
20.000000580445
19.999999862152
19.999999697049
19.999999890983
20.000000066088
20.000000193013
19.999999778895
19.999999314065
19.999999810191
20.000000069408

МСГ c неполной диагональной факторизацией
4128
0
2.2675771835722e-08
-1.0011320680028e-07
1.952575192311e-07
-1.1141400223088e-07
-9.2137044204726e-08
5.1398216837783e-07
4.4127950028726e-07
1.6372737278097e-07
2.7521716953791e-07
1.3047706332864e-07
1.2555481022119e-07
1.4741434779047e-07
-3.273129871547e-07
-5.0118025017875e-07
3.3874660734918e-08
5.4101145269669e-08
3.7072108818733e-08
3.4936692593297e-07
4.764108856555e-07
4.218384174156e-07
5.1096297981796e-07
4.5069172299347e-07
5.9168749710051e-08
-9.0150034767933e-08
-4.9002119486696e-07
-7.7054068683064e-07
-1.1868036248968e-07
3.2384189185859e-07
-2.2174820057721e-07
-3.0014591079983e-07
3.5262091648683e-07
6.8201099754319e-07
7.6935174420087e-07
1.9074437284081e-07
-5.5377537388485e-07
-1.0197198783441e-07
7.5997390605423e-07
8.0714650681315e-08
-4.549617522054e-07
-2.0704511233392e-07
1.3699924268943e-07
4.0521206199563e-07
1.5046234146139e-07
-5.0675571511864e-07
-122.82463207174
-10.632189113408
66.109588724987
-12.349365205813
31.592573447967
177.33838963649
108.11309237542
35.350328463796
143.35464628547
31.891638407316
-0.89180155463779
-0.61221087390581
-73.656907585386
-102.22568057538
-11.838717818328
2.0018030685271
-8.0052645060508
129.28626619898
168.59495323774
44.756927653192
99.352733121454
74.181387518852
-4.9927946355785
-29.42707060335
-78.855837505327
-118.61154538961
-33.175198686562
27.427937652987
-94.608994847599
-45.159881120314
69.281845237965
103.10796916752
110.77290952937
31.71823804907
-58.712146570454
81.339987261845
655.99044684136
-51.502603596248
-123.40335763401
-91.407744579988
-16.72176995556
81.846321555335
57.408837166822
-155.95668005762
-197.76560310219
274.17564251224
117.52077196963
2.148486013933
96.367157611421
328.47515627513
162.4335676811
53.687830366389
168.9272329619
54.316241627179
-4.8182843578346
-12.837420827397
-137.8161856381
-168.51818008784
2.2809794770113
8.6515079049606
-7.574103133417
141.57181783214
201.06462483461
209.49600805482
149.917870794
114.93615493999
-19.473027490543
-40.940982864683
-127.99678149985
-186.10553910889
-45.862680032568
-17.759942392853
-268.52199670862
1.9283871310442
115.42499704345
167.59648503521
189.39515800724
49.931735751911
-109.7609744703
100.47106925937
349.61875039384
-186.54093800192
-186.45328736893
-156.16249160525
-28.318694421192
147.7975993287
115.70413405886
-177.93206244229
-119.4328470861
389.73880030057
250.30844111098
52.053389656181
167.26809973239
412.96991143006
153.09654217667
36.760046265844
150.84338023654
67.604760099831
117.47428333519
-47.306165247952
-167.41201643055
-178.0640633295
45.84594231834
19.035868377867
-15.438800499483
115.48853635962
140.67486689841
242.28183782277
410.06571245869
62.855660092595
-27.893497667702
-23.0610034878
-131.02180540296
-203.46476836337
-59.321613631238
-63.286812825736
-165.7218041081
42.233334614581
113.23070841931
169.11270370245
218.43266099008
61.286114316007
-140.90239605142
38.789061064362
189.40663829801
-89.596335989672
-449.68746613527
-121.3148229676
-46.055967808387
180.46664057449
173.90961862721
-130.17356158038
-73.678827331061
314.13447659666
329.85793763915
133.54962252336
197.90255831643
412.75152159969
94.234671301909
1.126146039379
94.62121561082
50.229258421216
163.31071304268
7.1379780015787
-324.13740394521
-88.453859237394
92.071360803654
27.595760872104
-24.860075176818
61.494418214086
69.509406307706
211.60409551106
273.95193226417
30.842087180708
-16.423607623905
22.376049346468
-91.676812004003
-177.48373842876
-59.361310269451
-61.615600859769
-78.804421243808
51.328093331421
106.67964574911
84.455245666936
201.75299420098
63.921530375979
-162.56371518361
-42.471149793273
73.96483487202
-56.642767964436
-59.808466354426
-38.578014175801
-81.466061015523
176.59976057579
221.51563878702
-67.16605338798
-74.547381347451
139.44191526693
141.62288172843
264.56316183742
428.57067916306
299.57308168386
30.139535040245
-32.081257721636
13.94185395711
2.7472416033308
179.87303656876
28.254675213241
-141.1040152811
34.619795053906
98.604664728385
36.481649395978
-28.535797417194
-2.3202507846019
-19.79957865206
129.05078537906
140.97086816256
-36.828281323883
38.412825183784
69.70366263795
-24.359173357031
-114.81845498115
-33.540064010282
-37.033512548328
6.9496548200544
76.613496581857
-76.862113607662
-73.093355289669
157.23971392157
43.645021764463
-178.48183036915
-112.58418753612
-25.194254097829
12.523220637583
128.49959333528
69.499687394506
-328.90384479057
197.38631197472
243.68465898138
-17.553626737781
-96.426029146136
-57.948356138895
-35.002178884761
191.81283369108
421.95463728921
141.66061200677
-6.967970628938
-45.651635277882
-73.032691673677
-62.102300099472
173.46991972992
76.554466976432
4.4589603861196
396.68056901935
199.89565333618
22.648543778809
-18.775886125962
-63.788941106071
-119.41555951354
23.020968040209
9.0206909465486
-123.34869010472
101.47080917794
278.96202249392
15.489502553592
-18.478846015916
9.6859291891302
-12.075715272829
64.267916884019
75.621619724431
-136.46327306158
-189.99742743533
113.35859765753
-30.839355362989
-177.44363380251
-150.34071950648
-94.91670203548
48.895977508416
231.34849534528
124.75516646904
-38.764090676627
438.29233197045
185.17738675639
16.534837902725
-111.76038313614
-201.30580735142
-173.50517737629
96.399223749531
181.98980786227
-40.824694487112
41.615329608604
-31.549472207129
-146.06353698849
-126.70266884763
154.00913880952
133.46984819957
168.1352854441
402.48252327566
133.66966868965
27.474797558229
0.87823581434728
-112.01859809441
-208.06071455802
-78.58311063428
-79.289480410257
-114.62566272597
118.50816631377
222.98281813789
154.68742788903
63.137311990122
52.501892021999
-7.6886687195402
72.104625742319
56.151267093785
-141.6218736018
-155.03040637412
-83.106307461515
-200.15509148847
-119.36732599357
-152.99554183951
-133.21704029772
42.506985655977
237.23527278109
159.44203659257
90.676006610045
229.88370326923
217.00495502409
16.338548986537
-99.659393574461
-255.76045307963
-244.24119318308
-9.0715848428578
41.742687377374
-69.752143653539
0.80755868813238
-97.534147219449
-160.62115306592
-180.39493690565
118.76722581398
176.69502270495
260.63572557264
302.93314814926
63.077682692841
110.19990504165
37.783097041484
-135.6468897239
-260.32786076114
-143.91254575355
-103.08705228255
-49.292863664917
96.11317559919
103.99940497595
208.69901837133
306.16409476404
31.587799591932
-24.155562169889
35.327532806278
28.44025751451
-85.75323610218
-108.46402193495
-136.61669323051
-186.76050945826
-147.26378001153
-109.79215241134
-150.08781087697
-2.9875712688187
167.91016665202
151.25925636794
129.44937265112
157.34552795068
60.492021726344
-12.638717318165
-45.625966539057
-219.715778931
-240.45098564611
-81.905991649504
-37.613680778451
-51.292912876416
10.015492710807
-156.7616070286
-361.09676949698
-186.17643656155
46.491818393803
169.79089957803
258.49787439381
122.89049124616
-41.775864462472
179.71559189931
11.36640629964
-297.57063448844
-200.87364364665
-164.34033567917
-70.376656418481
38.891394534373
53.684087061215
-9.5936229666768
181.44363224385
252.94437874706
-5.0640363160233
-52.221545089531
-26.054104437575
2.7826169910857
-4.3202899437609
-38.719461538018
-146.70025869579
-138.27678551591
-51.146294137859
-146.35395854919
-139.31614918854
-70.786453927846
56.231081207239
99.662905720948
124.41525596417
87.734243114607
-0.61330767308437
11.822341331446
88.250752954088
-126.82861071714
-167.69853712411
-104.44609523288
-79.760069816314
-41.985108754543
-16.340008541612
-151.73068722937
-358.3887519871
-335.65775871306
-53.234043526435
87.935219668176
169.89340241066
-83.034750051254
-139.85600143955
203.01242424223
-5.2507238059767
-422.77981149947
-236.46759832121
-103.93418040087
-13.894210514735
117.09346424785
5.6927358574374
-108.87988802342
132.68817670443
190.21688953557
-92.198987211665
-200.41445592622
-64.047728557935
-23.277736914444
73.469654791055
35.453073604863
-114.35849186255
-77.970206897883
4.1650326644501
-117.27996014437
-256.34449385588
-100.32111691343
-68.253459913031
19.044283449542
80.002622313053
37.229924395623
0.47373165906894
27.650295711579
38.485867809201
-4.1946442305376
-38.664408851409
-69.16885899256
-91.206186366359
-60.776745414268
-66.888587882429
-148.02531475775
-248.00428123887
-371.75917227048
-326.60717296941
-50.725093066762
31.190673138703
-252.93911148416
-205.56360889382
181.29324631974
-41.958932066412
-313.30880597633
-51.901567684329
-59.749737861474
46.004890749762
160.038338392
-36.235178439453
-173.20921879286
60.545746159947
73.479374888376
-150.47272960469
-175.31409328889
-214.18798342413
-28.582308706062
118.40852285573
93.014248448016
-52.225875167462
-11.702249331355
7.582583385524
-110.38440859261
-186.6380555157
-246.95991520109
-139.2853697382
-72.104319975801
10.158230595777
5.5773914922798
43.875186999561
50.304412163053
-4.3015202105444
41.348430044593
283.18032080192
-13.899537177101
-64.208597581281
-98.71082310089
-130.93475259599
-122.31640808518
-163.61395034601
-327.30200331719
-481.89078584007
-234.63989071128
-105.22542945179
-340.23955462242
-228.84274902305
120.05958164456
-58.344528474535
-125.93342900641
19.786414851297
-154.04968738423
146.35174388046
138.94891711765
-56.633272328604
-194.77736087526
-22.816105498137
-53.1811150898
-133.41392938155
-98.432526026534
-213.30195975087
-104.73626239723
119.96520878463
116.18371803224
14.634084626648
40.40369076712
-36.435026614619
-135.02352079279
-122.73149460888
-217.7770787485
-344.72118461536
-94.407733361132
-72.549953300774
-7.9179869537247
108.17531027124
70.580688400847
-38.26858913194
23.884596918838
152.31352537166
199.00320113101
-14.97951120407
-134.35157525992
-190.04148229734
-82.729948598414
-78.752283265795
-265.7509074853
-391.89561620537
-417.63185977104
-347.62721139403
-299.92152698533
-218.86722297683
41.822231517596
-46.935093321879
75.723012521767
71.941800946814
-222.62687797434
12.016934442602
186.57853464792
-70.668528984693
-175.30766057424
-92.614577572445
-150.05650301205
-68.943081994473
6.5800742813399
-182.85314825205
-107.55798555512
165.25039500491
69.267665507517
62.837153317546
63.876669791981
-102.26841031604
-160.94171068356
-85.105371764446
-179.95274641771
-245.15787548377
-206.01277852612
-109.43075362403
-10.203650287994
166.97813011454
77.301594376499
-59.239773929851
-15.948309343025
43.036494194357
97.509156137576
210.48647576661
-180.36609887413
-224.1008610494
-35.161217746308
-8.9899751324222
-172.12773221332
-283.27960043581
-338.81087370017
-428.66898485759
-302.59007635399
-165.318758142
-35.483388495244
-14.695942734185
234.8884966476
75.988629316613
-311.29938496207
-35.440338750348
-21.308546079779
-154.70901125453
-102.92352776268
-128.90388644205
-189.1730046375
21.290929446879
103.26279751924
-133.71038969988
-57.484686639179
25.27105659735
-34.209127577205
76.037890286069
56.40624247301
-157.78946730802
-167.20046927461
-63.425852071409
-150.18755152506
-149.92889305448
-124.44157424117
-273.48629429932
37.818002973071
185.3303925145
65.83594510944
-58.625849848033
-40.941433676408
-56.941550694023
-1.6572805802745
49.477082203731
-410.50044053208
-165.28150878393
-1.7311687245861
26.731521726568
-80.121995111091
-148.39006215519
-253.0053973577
-247.93865163242
-174.01246012546
-277.37513531728
-69.736783084466
21.717437184327
308.52305956459
25.988854750087
-369.87052894885
-96.347864763625
-111.70466302213
-283.70854544076
-26.994380323166
-113.57278591387
-164.95422683291
106.62548701716
161.28969077127
-84.054357717596
-17.466803837062
-9.8779055918169
-147.07769446461
111.32944646714
18.546172173519
-170.85572773348
-144.51686532464
-51.980472419781
-133.13910777046
-70.991654317915
-60.203461910272
-185.92382532152
72.253477139743
135.97989482722
45.268191043389
-31.334522256084
-39.676952149867
-134.01538230507
-75.483355259945
-41.550654520078
-196.25259020682
-135.9526841676
18.233243706901
10.610139041393
-10.721259497674
-16.642636227785
-162.41163260498
-176.12560445494
-100.12429995565
-219.08260455685
-117.57687768141
54.523191884614
285.10067320819
-54.217907105739
-379.45114573107
-127.95289601291
-198.11829987942
-249.36313507928
183.74980852454
-78.226522346746
-86.917611511051
154.87980035221
168.4543202374
-46.090011554839
20.471484714588
-59.230283149658
-203.65281930377
14.592922934015
22.951507786602
-141.00676960077
-102.05828923272
-49.332061963563
-124.60830108247
-3.9813226470873
14.396339678267
-115.69436432497
8.8209174301835
154.12433766248
12.059371224571
24.437869751576
-14.804007312505
-187.43562263558
-126.4159980602
-42.829132941357
-130.90076435597
-45.219512333567
35.316729908521
-81.728530059186
23.873511797359
99.391823895987
-96.58389565925
-153.19371447051
-87.777068669115
-140.75222294983
11.156219457634
202.248549827
169.87471565962
-128.27194439391
-333.71287565133
-128.14752520719
-230.55326328972
-181.50449868613
209.41449169069
117.47770042332
-15.257497824615
142.37404610423
136.43946724915
-21.023824712525
45.048536149901
-86.265671917956
-224.44386210731
-15.293813360245
21.607791096092
-143.08931653139
-43.974870370097
-53.232257695867
-113.40861296379
46.166022903194
66.326836277346
-71.270779993304
5.1064387410066
37.952117892712
-6.3231513580033
94.812311632649
12.095059294831
-213.53925692888
-139.90609319242
-23.774845137444
-58.075689202431
-9.6338038491389
-95.91590473596
-601.69225306891
113.49544160563
176.96651032021
-55.976122773146
-140.81158082846
-80.017578057651
-60.477581355723
132.07008997706
229.47457935775
-147.47003973788
-149.05229607442
-247.21451238357
-97.606141767531
-196.87444087991
-102.51042173803
202.95978091536
108.34888578607
40.305856070507
186.96874026979
74.603149566314
-5.3598860350429
51.793950069269
-83.682698086845
-187.60259864787
-19.2107979813
8.5732007140675
-20.217649692827
21.015272176716
-52.116586995233
-84.745352775348
70.544176944299
81.37170250768
-36.112804648785
-7.8214977233227
-8.2602048057474
15.180795850841
256.02775638653
-31.83017661033
-191.95388130387
-115.34136205234
-1.2580796809286
-5.5803866341806
7.3106726340291
-126.09234515649
-257.5955228073
367.15223177345
165.66804196914
-21.276349894622
-112.06656580491
-58.613820355435
-2.9204463086321
147.45265612993
76.470717251484
-304.71591723592
-167.35958903445
-128.32362381524
-45.277941921707
-105.10559446399
-25.959664015084
133.64143968045
70.748298751606
38.60555941338
37.225797796131
36.152977299622
6.4297708015671
42.600711546536
-46.914388121755
-99.242286020945
-4.1828655681992
16.317726205036
16.013328710806
35.46448732004
-77.87401767142
-34.355524943188
60.059839363096
61.282486922916
-7.6897421771574
-2.4071266068121
-7.0351858925781
34.156116406967
126.89179647713
-49.380545634093
-108.2512174442
-59.711655920615
14.033986325894
17.259278507923
12.670474602602
-72.531098167679
-89.165075134486
126.41263017865
265.77942892231
-12.62048280115
-53.857077542403
-22.266913172641
20.758410098053
95.815326417763
14.966133340548
-186.97918877901
-124.13763064515
19.99999996536
19.999999793145
19.999999524212
19.999999803071
20.000000362132
20.000000204039
20.00000011656
20.000000100228
19.999999866687
19.999999975213
20.000000034681
19.999999498736
19.999999338159
19.999999976411
20.000000095514
20.000000171749
20.000000196587
19.999999784481
19.999999883197
20.000000172089
20.000000143638
19.999999787538
19.999999844833
19.999999799243
20.000000136139
20.000000723792
20.000000066683
19.999999607407
19.999999521263
19.999999948832
20.000000031578
19.999999995427
19.999999417157
19.999999334177
20.000000692051
20.000000580493
19.999999862141
19.999999697027
19.999999890975
20.000000066089
20.000000193017
19.999999778856
19.99999931399
19.999999810166
20.000000069411

