МСГ
16
0.99999999999928
1.9999999999992
2.9999999999992
3.9999999999993
4.9999999999994
5.9999999999992
6.9999999999992
7.9999999999992
9.0000000000001
9.9999999999992

7.1620487318569e-13
7.7626793881791e-13
7.9491968563161e-13
7.309708394132e-13
6.1817218011129e-13
7.9491968563161e-13
7.6205708410271e-13
7.9403150721191e-13
-1.1901590823982e-13
7.7626793881791e-13

МСГ c неполной диагональной факторизацией
15
0.99999999999685
1.9999999999956
2.9999999999957
3.9999999999957
4.9999999999956
5.9999999999956
6.9999999999957
7.9999999999957
8.9999999999954
9.9999999999957

3.1497027208616e-12
4.3507419889011e-12
4.2721381987576e-12
4.3436365615435e-12
4.3840486796398e-12
4.3796077875413e-12
4.3476333644321e-12
4.3316461528775e-12
4.5723425046162e-12
4.3378634018154e-12

