МСГ
9
1.0000000906266
1.9999982853344
3.0000074420327
3.9999887154356
5.0000055358492

-9.0626562698759e-08
1.7146655535427e-06
-7.4420327083047e-06
1.1284564383374e-05
-5.5358491746205e-06

МСГ c неполной диагональной факторизацией
6
0.99989261689309
2.0020294487635
2.9911976623736
4.0133411181712
4.9934574568242

0.00010738310691449
-0.0020294487634742
0.0088023376264403
-0.013341118171222
0.0065425431758319

МСГ c неполной факторизацией Холецкого
9
1.0000001600388
1.9999969796286
3.0000130892241
3.9999801728584
5.0000097192919

-1.6003881087023e-07
3.0203713763388e-06
-1.3089224088159e-05
1.9827141552131e-05
-9.7192918806499e-06

