МСГ
12
0.9999206498951
2.0023781866368
2.9841838492999
4.0335667173099
4.9908478460781
5.9711439645109
6.9929786082066
8.0246153655588
9.027735162869
9.9725484822616

7.9350104895126e-05
-0.0023781866368391
0.015816150700052
-0.033566717309946
0.0091521539218613
0.028856035489129
0.007021391793435
-0.024615365558843
-0.027735162869021
0.027451517738381

МСГ c неполной диагональной факторизацией
9
1.0001863391252
1.9966713811868
3.0112782594887
3.9958752125835
4.9869238940885
5.9936911333722
7.0080736522843
8.0175404217579
9.010687704699
9.9788299294819

-0.0001863391252086
0.0033286188132462
-0.011278259488727
0.0041247874164587
0.013076105911506
0.0063088666278066
-0.0080736522842662
-0.01754042175793
-0.010687704698976
0.021170070518133

