МСГ
13
1
1.9999999999999
3
4.0000000000001
4.9999999999999
5.9999999999999
7
8.0000000000001
9
9.9999999999999

-1.3322676295502e-14
6.8167693711985e-14
-3.5083047578155e-14
-6.2172489379009e-14
5.4178883601708e-14
1.0924594562312e-13
3.3750779948605e-14
-1.2967404927622e-13
-1.7763568394003e-15
1.1013412404282e-13

МСГ c неполной диагональной факторизацией
12
1
2
3
4
5
6
7
8
8.9999999999999
10

0
-2.8865798640254e-14
1.1990408665952e-14
3.5527136788005e-14
-3.1974423109205e-14
1.0658141036402e-14
1.8651746813703e-14
-4.6185277824407e-14
6.2172489379009e-14
-1.5987211554602e-14

МСГ c неполной факторизацией Холецкого
12
1
2
3
4
5.0000000000001
6
6.9999999999999
8
9
10

-1.1990408665952e-14
3.9968028886506e-15
-4.7517545453957e-14
9.3258734068513e-15
-1.1990408665952e-13
2.9309887850104e-14
6.838973831691e-14
2.1316282072803e-14
4.6185277824407e-14
-7.283063041541e-14

