МСГ
9
1.0000002954304
1.9999944165245
3.0000242174093
3.9999632951126
5.0000180003006

-2.9543040924729e-07
5.5834755416928e-06
-2.4217409334781e-05
3.6704887435235e-05
-1.8000300586962e-05

МСГ c неполной диагональной факторизацией
6
0.99989261624503
2.0020294543273
2.9911976557464
4.0133411102687
4.9934574670768

0.00010738375497121
-0.0020294543273214
0.008802344253553
-0.013341110268694
0.0065425329231719

МСГ c неполной факторизацией Холецкого
9
1.000000340522
1.9999935660578
3.0000279017305
3.9999577155473
5.0000207349344

-3.4052200037493e-07
6.433942226769e-06
-2.7901730455415e-05
4.2284452663743e-05
-2.0734934400579e-05

