МСГ
10
1
2
3
4
5
6
7
8

0
4.4408920985006e-15
-6.2172489379009e-15
4.2632564145606e-14
-1.0658141036402e-14
1.7763568394003e-15
-1.5987211554602e-14
-2.6645352591004e-14

МСГ c неполной диагональной факторизацией
10
1
2.0000000000003
3.0000000000001
4
5
5.9999999999999
6.9999999999999
8

1.1102230246252e-16
-2.5623947408349e-13
-5.1958437552457e-14
2.4868995751604e-14
4.9737991503207e-14
1.2967404927622e-13
1.0391687510491e-13
1.2434497875802e-14

МСГ c неполной факторизацией Холецкого
12
1
2
3
4
5
6
7
8

0
-2.7089441800854e-14
1.5987211554602e-14
-1.1546319456102e-14
4.3520742565306e-14
-2.3980817331903e-14
-1.7763568394003e-14
8.8817841970013e-16

